0000000000000010 
0000000000011010 
0000000000111011 
0000000001000111 
0000000001011110 
0000000001110100 
0000000001111101 
0000000010000000 
0000000001111101 
0000000001111001 
0000000001111011 
0000000001100101 
0000000001010100 
0000000001000110 
0000000000101100 
0000000000011100 
0000000000000000 
1111111111100001 
1111111111001100 
1111111110110101 
1111111110100110 
1111111110100000 
1111111110001100 
1111111110000101 
1111111110001000 
1111111110001100 
1111111110010101 
1111111110101000 
1111111110110110 
1111111111010001 
1111111111100001 
0000000000000010 
